1 SMOOTH 1.0 1.0 1.0 1.0 1.0 1.0 1.0 1.0 1.0 -0.998958333333457 -1.001041666666909 -1.002083333333336 -1.006249999999978 -1.001562500000268 -1.000520833333407 -0.995312500000368 -1.005729166666772 -0.996874999999987 
1 NONDIFF 1.0 1.0 1.0 1.0 1.0 1.0 1.0 1.0 1.0 -9.566666666666784 -0.533333333333555 -0.43333333333343 -1.43333333333338 -0.066666666666383 -1.433333333333266 -0.100000000000233 -0.500000000000256 -8.4333333333332 
1 WILD3 1.0 1.0 1.0 1.0 1.0 1.0 1.0 1.0 1.0 -0.942423502604241 -1.059529622396031 -1.009611002604393 -1.010034179687706 -1.018058268229301 -1.000252278645776 -1.023120117187859 -1.018806966145798 -0.981656901041752 
1 NOISY3 1.0 1.0 1.0 1.0 1.0 1.0 1.0 1.0 1.0 -0.997395833333347 -0.995833333333266 -0.993229166667073 -1.000520833333506 -1.005729166666412 -1.009895833333298 -0.996875000000112 -0.997916666666605 -1.000520833333209 
2 SMOOTH 10.0 10.0 10.0 10.0 10.0 10.0 10.0 10.0 10.0 -0.997314453125027 -1.000732421875002 -1.004882812500133 -1.003173828125105 -0.998372395833503 -1.002360026041658 -1.005859375000144 -1.003255208333259 -1.003255208333513 
2 NONDIFF 10.0 10.0 10.0 10.0 10.0 10.0 10.0 10.0 10.0 -0.416666666666707 -7.750000000000099 -4.583333333333284 -2.333333333333358 -0.583333333333432 -2.750000000000253 -1.33333333333349 -1.833333333333389 -0.916666666666695 
2 WILD3 10.0 10.0 10.0 10.0 10.0 10.0 10.0 10.0 10.0 -0.954322203993808 -0.959912786881259 -0.968601375818393 -1.002339228987643 -0.996757517258329 -0.913529892762459 -0.92049134771021 -0.959711616238209 -1.065695717930863 
2 NOISY3 10.0 10.0 10.0 10.0 10.0 10.0 10.0 10.0 10.0 -1.001871744791809 -1.005289713541813 -1.00113932291675 -0.998128255208356 -0.997721354166788 -1.001057942708536 -1.002685546875075 -0.996744791666683 -1.007893880208407 
3 SMOOTH 1.0 1.0 1.0 1.0 1.0 1.0 1.0 -1.919618683975928 5.208961065706216 4.329796877084305 -3.001634264447519 2.932426417093876 -2.347772335908412 -1.430627147020246 
3 NONDIFF 1.0 1.0 1.0 1.0 1.0 1.0 1.0 -1.489673702996166 -0.254490460961446 0.658143161993339 -0.628561773171534 0.994287215315393 -1.605373080568937 1.034182302088238 
3 WILD3 1.0 1.0 1.0 1.0 1.0 1.0 1.0 3.487745600984558 3.823319508184277 0.014694043187056 -1.453650608738492 -0.357049843123938 -4.977582171003808 3.761302956679007 
3 NOISY3 1.0 1.0 1.0 1.0 1.0 1.0 1.0 1.191869441009119 -1.912735483779059 0.255564240838359 0.429359183574364 -0.246086866775703 0.129920186768642 0.091802695636479 
4 SMOOTH 10.0 10.0 10.0 10.0 10.0 10.0 10.0 39.7125086343085 -4.569565208078878 11.875026948460746 11.486641540872634 4.713309452259856 -10.468632142230218 -10.408216728501927 
4 NONDIFF 10.0 10.0 10.0 10.0 10.0 10.0 10.0 21.85867598196687 8.126726755278568 1.842983765937679 -3.047737671136257 6.769453508897846 -16.461812618010335 4.787639871210442 
4 WILD3 10.0 10.0 10.0 10.0 10.0 10.0 10.0 -36.282922230918295 -22.362147666944963 30.784049758344864 36.000576270173624 -19.859859269640133 -47.07187397568 32.34650984400663 
4 NOISY3 10.0 10.0 10.0 10.0 10.0 10.0 10.0 -14.950617242282458 -13.667906187424204 12.575054548960303 9.10874443816705 12.39840302779329 3.137815480976636 -16.092909263053013 
5 SMOOTH 1.0 1.0 1.0 1.0 1.0 1.0 1.0 4.693382520375242 -6.251028857931015 14.631574680653351 -25.356679768462516 11.50938452517798 2.088654062375733 15.266949466458575 
5 NONDIFF 1.0 1.0 1.0 1.0 1.0 1.0 1.0 9.824898961368993 2.587625318954574 0.064481464024648 -2.590724663065736 -0.578024446559093 1.320999118367722 15.570093139498306 
5 WILD3 1.0 1.0 1.0 1.0 1.0 1.0 1.0 63.902153771807676 -24.655169670573528 -5.215298638505583 8.8507216615713 -0.815259506681892 5.61240538249246 45.729225005302844 
5 NOISY3 1.0 1.0 1.0 1.0 1.0 1.0 1.0 9.428622932272996 18.04636379433926 -0.172394988420219 -12.978964098086225 0.129587226484987 2.622860868577165 24.284628238094555 
6 SMOOTH 10.0 10.0 10.0 10.0 10.0 10.0 10.0 129.06861969904895 25.29480032296245 -4.266343965120911 -31.405966705511062 34.89258070208447 -14.430807150000136 172.55720618021527 
6 NONDIFF 10.0 10.0 10.0 10.0 10.0 10.0 10.0 75.02463470084639 53.84655779992426 -16.076098562920762 -24.38451810614201 0.170457567140532 6.210441129793327 109.78793659881244 
6 WILD3 10.0 10.0 10.0 10.0 10.0 10.0 10.0 167.34930338739574 33.85441802861843 3.314940375317977 -26.01575821538174 -2.86989449133699 6.800603895727911 291.89435688696256 
6 NOISY3 10.0 10.0 10.0 10.0 10.0 10.0 10.0 101.90680433503863 53.531051139629476 20.631002712536148 -32.37462711972057 -15.349582905564095 6.222683088364962 170.3098917224035 
7 SMOOTH -1.2 1.0 0.970187975738555 0.941373126806728 
7 NONDIFF -1.2 1.0 -1.102780738372408 1.216125017757954 
7 WILD3 -1.2 1.0 0.96561896064616 0.932775439450336 
7 NOISY3 -1.2 1.0 0.969756338061838 0.939371387524812 
8 SMOOTH -12.0 10.0 -0.968326612437433 1.007888948251622 
8 NONDIFF -12.0 10.0 -3.492587383216107 12.198167110584013 
8 WILD3 -12.0 10.0 -1.87281551457004 3.515301903916188 
8 NOISY3 -12.0 10.0 -1.10750670042337 1.231541705636864 
9 SMOOTH -1.0 0.0 0.0 0.30297074056689 0.954122063511859 1.985839664911632 
9 NONDIFF -1.0 0.0 0.0 -0.744206239907549 0.667948870692476 3.835861820005145 
9 WILD3 -1.0 0.0 0.0 0.387487152042989 0.903237432853302 1.841079233647531 
9 NOISY3 -1.0 0.0 0.0 0.438879219461577 0.869126406206844 1.776733433382623 
10 SMOOTH -10.0 0.0 0.0 1.000124361159069 -0.001202144628839 -0.001933069989418 
10 NONDIFF -10.0 0.0 0.0 0.703567881512719 -0.710627401803065 -1.257944932557312 
10 WILD3 -10.0 0.0 0.0 0.999999887257098 0.000621494941871 0.000964485553677 
10 NOISY3 -10.0 0.0 0.0 0.999998219380961 0.000127130741617 0.000203997382614 
11 SMOOTH 3.0 -1.0 0.0 1.0 -0.046248230338097 0.004646137356758 -0.026635646820068 -0.026929968595505 
11 NONDIFF 3.0 -1.0 0.0 1.0 0.192116372792051 -0.019211637931502 0.192628077182528 0.192629115042887 
11 WILD3 3.0 -1.0 0.0 1.0 0.037700707465411 -0.003670784085989 0.021963194012642 0.021793472021818 
11 NOISY3 3.0 -1.0 0.0 1.0 0.070037412643433 -0.007147026062012 0.043679237365723 0.046944856643677 
12 SMOOTH 30.0 -10.0 0.0 10.0 -0.023579495027661 0.002157384646125 -0.020098400185816 -0.020340219140053 
12 NONDIFF 30.0 -10.0 0.0 10.0 0.110621392371474 -0.01106213819813 0.086163297249009 0.086163284117396 
12 WILD3 30.0 -10.0 0.0 10.0 -0.037515156436712 0.003529430367053 -0.025934976059943 -0.026096927467734 
12 NOISY3 30.0 -10.0 0.0 10.0 0.02298472286202 -0.002156065194868 0.019229668891057 0.01925699878484 
13 SMOOTH 0.5 -2.0 3.272493873499987 -1.231884542917134 
13 NONDIFF 0.5 -2.0 0.675910573345075 -1.253049076014846 
13 WILD3 0.5 -2.0 0.655289759881116 -1.445123589537012 
13 NOISY3 0.5 -2.0 3.640168683698014 -1.302008267164687 
14 SMOOTH 5.0 -20.0 3.14294916314815 -1.455354286426968 
14 NONDIFF 5.0 -20.0 3.331407367242566 4.039250076515352 
14 WILD3 5.0 -20.0 15.769763363640514 -0.635624445743708 
14 NOISY3 5.0 -20.0 5.440900373908589 3.990776762985252 
15 SMOOTH 1.0 1.0 1.0 0.085511302249611 1.25296229043286 2.227929124844472 
15 NONDIFF 1.0 1.0 1.0 -1.267340038915926 0.334418813149903 2.998913656580824 
15 WILD3 1.0 1.0 1.0 0.082335417666558 1.128550714699478 2.348220626278691 
15 NOISY3 1.0 1.0 1.0 0.090200246963603 1.456392674417278 2.027467818534522 
16 SMOOTH 10.0 10.0 10.0 0.188771224227832 -1.555180065560079 5.602715658508191 
16 NONDIFF 10.0 10.0 10.0 -8.199395454142278 -18.43422807089736 3.416828851708377 
16 WILD3 10.0 10.0 10.0 0.116901280966894 3.116390060019232 0.406445957123422 
16 NOISY3 10.0 10.0 10.0 0.081457493381228 1.09911377044415 2.376035696851842 
17 SMOOTH 0.25 0.39 0.415 0.39 0.188550567626953 0.306985748291016 0.168025100708008 0.184548980712891 
17 NONDIFF 0.25 0.39 0.415 0.39 0.205172944627665 0.578393223077015 0.569188358042275 0.297344004906656 
17 WILD3 0.25 0.39 0.415 0.39 0.187582397460937 0.393061157226563 0.190007385253906 0.219951049804687 
17 NOISY3 0.25 0.39 0.415 0.39 0.19007568359375 0.267967895507813 0.145503295898437 0.169553833007812 
18 SMOOTH 0.02 4000.0 250.0 0.043966200253355 4877.516649488671 296.81167344718494 
18 NONDIFF 0.02 4000.0 250.0 0.0296850361611 4734.579699788965 288.27605134589265 
18 WILD3 0.02 4000.0 250.0 0.027138136388308 4638.05914674853 279.181338003941 
18 NOISY3 0.02 4000.0 250.0 0.027822079085348 4826.004715552442 293.45429597986947 
19 SMOOTH 0.5 0.5 0.5 0.5 0.5 0.5 -0.037300997127098 0.991928413190984 -0.014063561245791 0.498342986369882 -0.5852448806717 0.582252973017874 
19 NONDIFF 0.5 0.5 0.5 0.5 0.5 0.5 -0.252955218854863 1.046908866271521 -0.099517707948049 -0.086910569550952 0.393162330686817 -0.067273526007917 
19 WILD3 0.5 0.5 0.5 0.5 0.5 0.5 -0.027520879084674 0.982717971451096 0.047799734465995 0.414363542195666 -0.553286320421353 0.601616049398235 
19 NOISY3 0.5 0.5 0.5 0.5 0.5 0.5 -0.039068893624193 0.987266660747006 0.032633699188234 0.351495448369076 -0.415004172425853 0.511564210913347 
20 SMOOTH 5.0 5.0 5.0 5.0 5.0 5.0 -0.364438351891123 0.840372520942665 4.442446060338172 -15.762854217839362 19.402513298000272 -7.779287795438152 
20 NONDIFF 5.0 5.0 5.0 5.0 5.0 5.0 -2.941378749771071 8.642587055448798 -16.357709116965626 20.075467909864802 -13.293246831616667 3.628003907670016 
20 WILD3 5.0 5.0 5.0 5.0 5.0 5.0 0.11731655825465 -0.00886565261626 7.150031249448532 -15.54537429357371 14.491224568324467 -3.967508591214523 
20 NOISY3 5.0 5.0 5.0 5.0 5.0 5.0 0.280775346428657 0.460530178423672 3.897998724728098 -4.868525326027347 0.411542376967864 2.76948523137432 
21 SMOOTH 0.5 0.5 0.5 0.5 0.5 0.5 0.5 0.5 0.5 0.19365234375 1.124739583333333 -0.304996744791667 0.979003906250001 1.045865885416667 -0.73701171875 -1.104720052083333 0.70712890625 0.694905598958333 
21 NONDIFF 0.5 0.5 0.5 0.5 0.5 0.5 0.5 0.5 0.5 0.275846354166667 1.064794921875 0.304378255208333 0.202799479166667 1.24169921875 -0.272005208333333 -0.708170572916667 -0.63505859375 1.739388020833334 
21 WILD3 0.5 0.5 0.5 0.5 0.5 0.5 0.5 0.5 0.5 -0.006724039713542 0.968470255533854 0.260726928710938 -0.278511555989583 0.245609537760417 0.829725138346354 -0.669232177734375 -0.080789184570313 0.269661458333333 
21 NOISY3 0.5 0.5 0.5 0.5 0.5 0.5 0.5 0.5 0.5 0.131575520833333 0.997070312500001 0.321614583333333 -0.334212239583333 1.000618489583334 0.374202473958333 -0.985693359375 0.012353515625 0.598258463541667 
22 SMOOTH 5.0 5.0 5.0 5.0 5.0 5.0 5.0 5.0 5.0 -1.562093098958333 3.675618489583336 -7.19620768229167 20.81571451822918 -34.01163736979166 20.536987304687493 -16.424560546875004 34.011067708333314 -19.895263671874982 
22 NONDIFF 5.0 5.0 5.0 5.0 5.0 5.0 5.0 5.0 5.0 0.143229166666667 -6.093749999999999 21.552083333333336 -13.145833333333329 -6.653645833333337 -11.445312500000002 12.200520833333329 21.825520833333332 -17.11979166666667 
22 WILD3 5.0 5.0 5.0 5.0 5.0 5.0 5.0 5.0 5.0 0.494791666666667 -3.369791666666667 9.630208333333336 19.281250000000004 -41.99739583333334 6.83333333333333 -2.84114583333333 38.04166666666668 -20.84895833333334 
22 NOISY3 5.0 5.0 5.0 5.0 5.0 5.0 5.0 5.0 5.0 0.549479166666667 -2.273437499999997 9.364583333333332 10.794270833333332 -34.31510416666667 10.34635416666666 11.632812499999998 0.26041666666667 -1.109374999999997 
23 SMOOTH 0.5 0.5 0.5 0.5 0.5 0.5 0.5 0.5 0.5 0.5 0.5 0.5 0.017681359591538 1.025464860476564 0.229451634110701 -1.076577822481925 1.922894961520634 0.007504433459826 -0.90644555321633 0.755635363330641 -0.74444636757677 -0.088950837342532 0.452977526903892 0.002838834360662 
23 NONDIFF 0.5 0.5 0.5 0.5 0.5 0.5 0.5 0.5 0.5 0.5 0.5 0.5 0.209351500227293 1.03512025438269 0.228859624557333 0.389040495140119 0.500732964208932 -0.870981361876459 1.024576846146511 0.085311403331084 0.344949878879739 -1.397926246236444 1.253036151884438 -0.171564360968519 
23 WILD3 0.5 0.5 0.5 0.5 0.5 0.5 0.5 0.5 0.5 0.5 0.5 0.5 0.288906307827543 0.988943509219965 0.551420258349701 0.607351065677446 -0.226198385465076 0.05255354137804 0.722821119515371 0.946544348826352 -2.310072013321382 1.058405963481841 0.668694531778844 0.038119784648299 
23 NOISY3 0.5 0.5 0.5 0.5 0.5 0.5 0.5 0.5 0.5 0.5 0.5 0.5 0.180202077456684 0.896251727721161 0.693728078606988 0.249890059167463 -0.560655592187035 0.633512249750101 0.288229725480836 -1.281441318878459 1.286639741770866 0.36039850912954 0.110514095745905 -0.405718234791225 
24 SMOOTH 5.0 5.0 5.0 5.0 5.0 5.0 5.0 5.0 5.0 5.0 5.0 5.0 -0.245768461465115 -0.4803170083234 3.457392249508964 4.106911302347299 -4.905165555784518 0.913442625892183 -24.778644353046158 9.731565877968105 22.518972230722685 5.401438859045909 -9.411203984850426 -5.20962761180248 
24 NONDIFF 5.0 5.0 5.0 5.0 5.0 5.0 5.0 5.0 5.0 5.0 5.0 5.0 -0.036027933986072 -3.687317331712648 18.73687691263285 -21.174715719589056 3.613006189251485 -9.72919768780253 18.97819128295821 -4.607469323233614 10.480317008323402 -16.801738485375445 8.25210581316969 -2.985926965626815 
24 WILD3 5.0 5.0 5.0 5.0 5.0 5.0 5.0 5.0 5.0 5.0 5.0 5.0 -0.169089128838367 -0.602101830730586 4.846641334746509 -3.488853176678717 12.189815071002059 -19.023183857062083 -5.527621314754583 7.273316684934153 1.977932184710554 18.621857913692725 -10.426077504910312 -4.120330033604869 
24 NOISY3 5.0 5.0 5.0 5.0 5.0 5.0 5.0 5.0 5.0 5.0 5.0 5.0 -0.387850754273499 -0.252534284932182 6.012618245570867 -1.603443703856343 2.30720226010776 -7.699450647682744 -13.145938538670812 -5.516344942309472 23.77516012110795 17.61826076607796 -8.175313564866386 -11.677754846317514 
25 SMOOTH 0.0 10.0 20.0 0.693389503157457 21.626728146298035 1.249435227428672 
25 NONDIFF 0.0 10.0 20.0 1.216255692709489 7.434680216107037 0.849160859523086 
25 WILD3 0.0 10.0 20.0 6.463875489739473 6.465343758196252 6.5952839803e-05 
25 NOISY3 0.0 10.0 20.0 5.769466126391589 5.769466694371063 4.5655602e-08 
26 SMOOTH 0.3 0.4 0.258613278331219 0.257009405324996 
26 NONDIFF 0.3 0.4 0.259164354750307 0.252419838691778 
26 WILD3 0.3 0.4 0.255833447534503 0.259876847618571 
26 NOISY3 0.3 0.4 0.257838693434258 0.25776424526642 
27 SMOOTH 25.0 5.0 -5.0 -1.0 -11.593627929687772 13.203491210937505 -0.4012451171875 0.218457031250003 
27 NONDIFF 25.0 5.0 -5.0 -1.0 -10.237913131714002 11.913336753845215 -0.506929397583001 0.702394676208496 
27 WILD3 25.0 5.0 -5.0 -1.0 -11.494067236780978 13.163815826177597 -0.455087780952454 0.245263141393662 
27 NOISY3 25.0 5.0 -5.0 -1.0 -11.596164703369038 13.204219818115217 -0.383934974670406 0.151831054687501 
28 SMOOTH 250.0 50.0 -50.0 -10.0 -11.786940693855286 13.29194724559784 -0.984501838684082 2.652682900428772 
28 NONDIFF 250.0 50.0 -50.0 -10.0 -10.206964612007141 11.89775288105011 -0.462777614593506 0.617073893547058 
28 WILD3 250.0 50.0 -50.0 -10.0 -11.603238375391811 13.226237911731005 0.219714692793787 -1.564763014670461 
28 NOISY3 250.0 50.0 -50.0 -10.0 -11.493682861328125 13.393707275390625 -1.17950439453125 2.2723388671875 
29 SMOOTH 0.142857 0.285714 0.428571 0.571429 0.714286 0.857143 0.066876786783448 0.288741676060153 0.366682118150365 0.633318260068487 0.711259466037986 0.933123999633388 
29 NONDIFF 0.142857 0.285714 0.428571 0.571429 0.714286 0.857143 0.149218941344578 0.280516416072095 0.482489806224345 0.528114519528886 0.719909893540788 0.861110987507348 
29 WILD3 0.142857 0.285714 0.428571 0.571429 0.714286 0.857143 0.06687659353348 0.288740693834188 0.366682330780056 0.633317703439173 0.711259419411183 0.93312341243155 
29 NOISY3 0.142857 0.285714 0.428571 0.571429 0.714286 0.857143 0.066875922330349 0.288739404536331 0.36668143180355 0.633317022276626 0.711258137420983 0.933123336516234 
30 SMOOTH 0.125 0.25 0.375 0.5 0.625 0.75 0.875 0.058045616984571 0.234950949246591 0.337999067895705 0.499851384399203 0.662058942832534 0.764790883863568 0.942026645233643 
30 NONDIFF 0.125 0.25 0.375 0.5 0.625 0.75 0.875 0.113672923447883 0.270676366413415 0.375226422660575 0.495465064094476 0.637402217817433 0.726039045530398 0.889229361637193 
30 WILD3 0.125 0.25 0.375 0.5 0.625 0.75 0.875 0.058045779189326 0.235070807296088 0.338055589494184 0.499909507769633 0.66199233750514 0.764739431163675 0.941889636284182 
30 NOISY3 0.125 0.25 0.375 0.5 0.625 0.75 0.875 0.057561967462961 0.232971672761609 0.497196843809446 0.338579307048356 0.762854576916205 0.66183674154667 0.941473815384158 
31 SMOOTH 0.111111 0.222222 0.333333 0.444444 0.555556 0.666667 0.777778 0.888889 0.070589883997411 0.215338246410173 0.295085368899491 0.516465661557373 0.514598671375641 0.740899438461468 0.811187865063283 0.95852744102625 
31 NONDIFF 0.111111 0.222222 0.333333 0.444444 0.555556 0.666667 0.777778 0.888889 0.097715065581178 0.227425699089077 0.332487715562984 0.450436381116102 0.546039416025683 0.676791126685851 0.764471211182775 0.904718595655445 
31 WILD3 0.111111 0.222222 0.333333 0.444444 0.555556 0.666667 0.777778 0.888889 0.071985876137375 0.215925079810072 0.297249219655667 0.515855930265874 0.513434593220441 0.810256057309457 0.740348830487791 0.958343778149834 
31 NOISY3 0.111111 0.222222 0.333333 0.444444 0.555556 0.666667 0.777778 0.888889 0.070293769901854 0.215402024830755 0.29668726223748 0.516540469328882 0.515166923739765 0.740794419701629 0.81205223161144 0.959016569313309 
32 SMOOTH 0.1 0.2 0.3 0.4 0.5 0.6 0.7 0.8 0.9 0.043589274088542 0.191545003255208 0.24121337890625 0.401984049479167 0.521544392903646 0.5631396484375 0.777219034830729 0.784855143229167 0.95607421875 
32 NONDIFF 0.1 0.2 0.3 0.4 0.5 0.6 0.7 0.8 0.9 0.093151425530667 0.210221783037606 0.308232531538235 0.401659129917002 0.489168392905647 0.601261674608094 0.67873493515253 0.783446360714717 0.903517097372092 
32 WILD3 0.1 0.2 0.3 0.4 0.5 0.6 0.7 0.8 0.9 0.044390462239583 0.195579020182291 0.23877685546875 0.408382975260417 0.512507120768229 0.573626708984375 0.774095865885417 0.789226888020833 0.95512939453125 
32 NOISY3 0.1 0.2 0.3 0.4 0.5 0.6 0.7 0.8 0.9 0.044849141438802 0.203367513020833 0.234154052734375 0.4258154296875 0.489015452067057 0.759380187988281 0.594343465169271 0.808065592447917 0.955970764160156 
33 SMOOTH 0.0909091 0.181818 0.272727 0.363636 0.454545 0.545455 0.636364 0.727273 0.818182 0.909091 0.066541044646332 0.168233611038114 0.258276522896602 0.371296037258074 0.437653122896399 0.607527103454625 0.604688741640709 0.776081415196666 0.840397819651272 0.949235352484668 
33 NONDIFF 0.0909091 0.181818 0.272727 0.363636 0.454545 0.545455 0.636364 0.727273 0.818182 0.909091 0.075482831892792 0.188945234333147 0.257473534248852 0.371543864864632 0.442723563897229 0.543584181021165 0.6191146148075 0.728622284480415 0.80086237498279 0.918781234337423 
33 WILD3 0.0909091 0.181818 0.272727 0.363636 0.454545 0.545455 0.636364 0.727273 0.818182 0.909091 0.075671915255945 0.169869457825658 0.292367689264243 0.351552526346561 0.474839115568739 0.606036625495569 0.623055638173737 0.800229445642388 0.841349666772028 0.966283849570604 
33 NOISY3 0.0909091 0.181818 0.272727 0.363636 0.454545 0.545455 0.636364 0.727273 0.818182 0.909091 0.077771207485565 0.169872791633334 0.303931176652008 0.339001266837111 0.479457316517807 0.611255535516777 0.612317382909062 0.8055817934939 0.831876202023096 0.964187935018267 
34 SMOOTH 0.0833333 0.166667 0.25 0.333333 0.416667 0.5 0.583333 0.666667 0.75 0.833333 0.916667 0.058366855469339 0.164483197645146 0.22665053747557 0.358017253688543 0.397331784374998 0.512543343045911 0.628059120185721 0.659561065018834 0.797744203636019 0.856422360494695 0.956208480181699 
34 NONDIFF 0.0833333 0.166667 0.25 0.333333 0.416667 0.5 0.583333 0.666667 0.75 0.833333 0.916667 0.070790687208586 0.17362892794656 0.248299520286851 0.342046514352284 0.415910788571745 0.503413038876011 0.572589987796622 0.658477412987258 0.748179393368605 0.823340795429867 0.927703189613202 
34 WILD3 0.0833333 0.166667 0.25 0.333333 0.416667 0.5 0.583333 0.666667 0.75 0.833333 0.916667 0.057627063525753 0.161838097714212 0.225908904956863 0.351907532845156 0.403137869904523 0.508376950930896 0.617491629615727 0.660439492064159 0.790302114540119 0.855643309277153 0.948394651845452 
34 NOISY3 0.0833333 0.166667 0.25 0.333333 0.416667 0.5 0.583333 0.666667 0.75 0.833333 0.916667 0.054061217283573 0.159624850833225 0.215759765153724 0.362851048893954 0.383112549026408 0.501008473003104 0.625766133609379 0.650060312171089 0.794448263583903 0.848926292873941 0.951309655162601 
35 SMOOTH 0.5 0.5 0.5 0.5 0.5 0.5 0.5 0.5 0.5 0.5 0.957310436822297 0.958020714031126 0.954145071000353 0.96063021073312 0.956028849684633 0.953573761071514 0.960058900804281 0.959178774697692 0.960321394555369 1.432424126291934 
35 NONDIFF 0.5 0.5 0.5 0.5 0.5 0.5 0.5 0.5 0.5 0.5 0.721573370908904 6.256144281085676 -6.98835327960314 -0.802252602090234 -6.038927988909055 -7.709626325350317 -2.936613749481487 -0.511897584181516 1.606195890712929 2.416086029247195 
35 WILD3 0.5 0.5 0.5 0.5 0.5 0.5 0.5 0.5 0.5 0.5 1.00661679980244 1.00806365184773 1.007711649657622 1.007308741050713 1.006445503328843 1.007109699373645 1.006325837059966 1.007919859314964 1.006408348882458 0.930558752899358 
35 NOISY3 0.5 0.5 0.5 0.5 0.5 0.5 0.5 0.5 0.5 0.5 0.97367769424309 0.973878424758631 0.972728084496508 0.972183795983223 0.975117549671855 0.973739457478643 0.976055578811774 0.974152499116385 0.974970861987425 1.262775959044522 
36 SMOOTH 0.5 1.5 1.0 0.01 0.02 0.312553825055828 -0.403850786726633 0.926365018390023 0.047291989063268 0.007602365122772 
36 NONDIFF 0.5 1.5 1.0 0.01 0.02 0.233832768092138 0.831135643322917 -1.460536374714662 0.005328691021705 0.01367883111045 
36 WILD3 0.5 1.5 1.0 0.01 0.02 0.337042134037342 -0.506585849169044 1.006592777022589 0.037097248122464 0.008767834223234 
36 NOISY3 0.5 1.5 1.0 0.01 0.02 0.364204898894396 -0.849036462481726 1.328269190827358 0.026841659939839 0.011011158392471 
37 SMOOTH 1.3 0.65 0.65 0.7 0.6 3.0 5.0 7.0 2.0 4.5 5.5 1.289588436382549 0.380141457709453 0.619683976525658 0.645916402566364 0.66239871498332 1.008258457752125 1.840019775382266 4.172153365893711 2.491840380842477 4.498939999179219 5.615304533727201 
37 NONDIFF 1.3 0.65 0.65 0.7 0.6 3.0 5.0 7.0 2.0 4.5 5.5 1.15968312746077 0.284466078070414 0.512869754928243 0.578038808340631 0.448309465876124 2.38422785652785 1.592943889621705 4.170659059181079 2.344014433044365 4.478899358661325 5.634980798962951 
37 WILD3 1.3 0.65 0.65 0.7 0.6 3.0 5.0 7.0 2.0 4.5 5.5 1.283081209121642 0.361806387956663 0.609482940849001 0.659251801781136 0.644467034431771 1.017533464933961 2.115914433457818 3.925438174856887 2.510979284551026 4.531005024007849 5.625183152487534 
37 NOISY3 1.3 0.65 0.65 0.7 0.6 3.0 5.0 7.0 2.0 4.5 5.5 1.274353869030543 0.374935675900727 0.607167133500266 0.599994811452743 0.638831363401284 1.150298567736806 1.46813615409153 4.734012689842232 2.457625909905039 4.562937548733885 5.67004179833365 
38 SMOOTH 13.0 6.5 6.5 7.0 6.0 30.0 50.0 70.0 20.0 45.0 55.0 0.916862892522497 16.007409339421155 -19.150298551314616 25.732253288092206 0.132647966745546 135.3815954213271 293.4731525395977 23.538084953121107 129.92035832034708 -202.35644244841546 -56.92456404419983 
38 NONDIFF 13.0 6.5 6.5 7.0 6.0 30.0 50.0 70.0 20.0 45.0 55.0 0.62600160290293 -6.661197580318371 17.03675970940158 -10.869465743717269 -7.124998310752049 16.323700852207732 16.715560164649673 91.11371048399515 40.22033515573387 52.79625816083212 224.15642175018982 
38 WILD3 13.0 6.5 6.5 7.0 6.0 30.0 50.0 70.0 20.0 45.0 55.0 0.917472527922326 -39.53409410980576 -37.479428691523395 12.650716003073857 0.132686700303996 57.863995208497116 189.0387339356081 445.4616623425412 -235.54020107117236 -786.7327236181972 -809.7533141417127 
38 NOISY3 13.0 6.5 6.5 7.0 6.0 30.0 50.0 70.0 20.0 45.0 55.0 0.917083768940746 -73.97568097722734 -143.9986257704008 -13.760081109694953 0.132663581796507 114.58613320517689 252.80134453339826 463.8904897200134 116.13817305294505 -62.987666429648925 120.34210354717081 
39 SMOOTH 1.0 1.0 1.0 1.0 1.0 1.0 1.0 1.0 0.617133442549737 0.485724828819463 0.391674102649928 0.326763909845694 0.00176409874662 0.000935457987418 0.011569681063858 0.000624717702719 
39 NONDIFF 1.0 1.0 1.0 1.0 1.0 1.0 1.0 1.0 0.749998996968637 0.670990059564212 0.334906057204693 0.206616318693556 0.005632943417741 0.00184267733096 -0.006641963748419 0.000521137607927 
39 WILD3 1.0 1.0 1.0 1.0 1.0 1.0 1.0 1.0 0.617461446183618 0.489393290513826 0.39165683930082 0.32507210162896 -0.002171944859565 -0.003449432696698 0.007944377742322 -0.000911720371647 
39 NOISY3 1.0 1.0 1.0 1.0 1.0 1.0 1.0 1.0 0.614716573668735 0.485310508439847 0.392330109917613 0.326625803052652 0.001004511384134 -0.002275524954438 0.004111914230947 0.000141343926444 
40 SMOOTH 1.0 1.0 1.0 1.0 1.0 1.0 1.0 1.0 1.0 1.0 0.624726580796971 0.485296076542564 0.366895953992931 0.285244956595696 0.330640934724848 0.378754495218607 0.001226717918084 -0.001429101210508 -0.002787892392748 -0.000533534294996 
40 NONDIFF 1.0 1.0 1.0 1.0 1.0 1.0 1.0 1.0 1.0 1.0 0.749982422492923 0.676360645717165 0.341850961977109 0.199054361385249 0.202513102576122 0.198930834914095 0.004870748815804 0.013270548850635 0.016235184156799 -7.0310028342e-05 
40 WILD3 1.0 1.0 1.0 1.0 1.0 1.0 1.0 1.0 1.0 1.0 0.629415882077681 0.484487907018236 0.368176907816129 0.286683123186101 0.331702942703479 0.380758603644305 0.007154390166039 -0.021372413780005 -0.006688325159466 0.002145023837527 
40 NOISY3 1.0 1.0 1.0 1.0 1.0 1.0 1.0 1.0 1.0 1.0 0.626394188156858 0.485697537573718 0.367112125317408 0.285244956595506 0.329282143542925 0.377580993743088 -0.00145998282838 -0.003498169601546 0.006229539997657 -3.942841065e-05 
41 SMOOTH 1.0 1.0 1.0 1.0 1.0 1.0 1.0 1.0 1.0 1.0 1.0 0.624877487496504 0.484721823218486 0.369770623116793 0.283557223027505 0.316063914863461 0.338912821431211 0.37577729443773 0.000301448128682 -0.000758552703575 0.003599228462745 -0.000522996940741 
41 NONDIFF 1.0 1.0 1.0 1.0 1.0 1.0 1.0 1.0 1.0 1.0 1.0 0.749987028631816 0.666541408462274 0.336211291569152 0.201907715354009 0.202916188357116 0.197888545574652 0.202069659923055 0.004085062174851 -0.001141330760754 -0.00138424761599 0.002863116783938 
41 WILD3 1.0 1.0 1.0 1.0 1.0 1.0 1.0 1.0 1.0 1.0 1.0 0.631551317349911 0.487021730136468 0.374107174557894 0.283699576884096 0.317541946601604 0.341067339098958 0.376929269672519 0.023946086770319 0.040610580536079 0.017396107163754 -0.002103284596553 
41 NOISY3 1.0 1.0 1.0 1.0 1.0 1.0 1.0 1.0 1.0 1.0 1.0 0.624259153499971 0.484574600895128 0.370536179257799 0.283763334290362 0.316858915474103 0.338176709758497 0.375983405699113 -2.2441005429e-05 0.002833672316726 0.001567560225962 6.58923955e-05 
42 SMOOTH 1.0 1.0 1.0 1.0 1.0 1.0 1.0 1.0 1.0 1.0 1.0 1.0 0.624496803453914 0.484662733280694 0.371631194609681 0.285345803322345 0.315108392236586 0.325722259102785 0.337802087467574 0.373167591835011 -0.000524329616222 0.00376068743773 -0.007649588742754 0.000568060533844 
42 NONDIFF 1.0 1.0 1.0 1.0 1.0 1.0 1.0 1.0 1.0 1.0 1.0 1.0 0.749981679697389 0.658900305135674 0.337192447008848 0.197848198393589 0.201620497354028 0.202533178748169 0.196850944198999 0.20109191739886 0.007187645468812 0.000851733705045 0.000575110191103 -0.002182315260034 
42 WILD3 1.0 1.0 1.0 1.0 1.0 1.0 1.0 1.0 1.0 1.0 1.0 1.0 0.624560227172845 0.473492075072263 0.377988248194961 0.286374769811222 0.315390285659045 0.322466209368352 0.334609452945179 0.375014104962563 -0.016931458031121 -0.014020744393728 -0.007755309953913 -0.000919009159066 
42 NOISY3 1.0 1.0 1.0 1.0 1.0 1.0 1.0 1.0 1.0 1.0 1.0 1.0 0.625060866660449 0.485608229248844 0.371878421793101 0.286212642814019 0.315291152935461 0.325291910804507 0.337688917713014 0.373731902386656 -0.001052758966105 -0.002272577449603 -0.001357144539768 -0.00023493257405 
43 SMOOTH 0.5 0.5 0.5 0.5 0.5 0.976891043538908 0.932196322753306 0.810048116212659 0.531477332886769 0.150126569746634 
43 NONDIFF 0.5 0.5 0.5 0.5 0.5 0.885928414835977 0.695337655749435 0.336191877127451 0.037998091451457 5.4984642102e-05 
43 WILD3 0.5 0.5 0.5 0.5 0.5 0.970481671093412 0.913993783393418 0.763489100668718 0.445023653533613 0.08814555213199 
43 NOISY3 0.5 0.5 0.5 0.5 0.5 0.984539367231163 0.954278646373277 0.868993263405853 0.65621105527421 0.282571415328946 
44 SMOOTH 0.5 0.5 0.5 0.5 0.5 0.5 0.74928960246428 0.422795623585618 0.07273965841163 0.001246372584059 0.001934095534304 0.003449079424697 
44 NONDIFF 0.5 0.5 0.5 0.5 0.5 0.5 0.713639800365617 0.363443779152932 0.048007826835885 0.000110588076089 6.8260339e-08 9.7066898e-08 
44 WILD3 0.5 0.5 0.5 0.5 0.5 0.5 0.853521989173227 0.621619816950993 0.239853843571175 0.014090097029835 0.00069444999899 -0.001011152752612 
44 NOISY3 0.5 0.5 0.5 0.5 0.5 0.5 0.743912406353312 0.419008163859634 0.070601737066305 0.004919211818335 0.001111818093794 0.001251356083699 
45 SMOOTH 0.5 0.5 0.5 0.5 0.5 0.5 0.5 0.5 0.776105690468807 0.467838380533434 0.100176517847272 -0.000581019467066 0.002163853047794 -0.000369543439978 -0.000917654775492 0.0004332022955 
45 NONDIFF 0.5 0.5 0.5 0.5 0.5 0.5 0.5 0.5 0.952015520638311 0.862843579613921 0.642386218186131 0.265087140336086 0.018627984900024 6.472951229e-06 3.601771e-09 -1.030661e-09 
45 WILD3 0.5 0.5 0.5 0.5 0.5 0.5 0.5 0.5 0.996317480030527 0.988981181781558 0.9673020848237 0.905077341099979 0.741407301350541 0.407539982080098 0.067688371680912 0.000310212835736 
45 NOISY3 0.5 0.5 0.5 0.5 0.5 0.5 0.5 0.5 0.997615210256279 0.992854786056605 0.978714461693719 0.937491831533423 0.823952836266684 0.559380216429845 0.175033528517843 0.005362363282408 
46 SMOOTH 102.482 96.3335 90.4363 84.7852 79.3747 84.28291101102505 79.20603967293438 74.33641411353094 69.67114741121792 65.2071811381443 
46 NONDIFF 102.482 96.3335 90.4363 84.7852 79.3747 84.28291101102539 79.20603967293418 74.3364141135309 69.67114741121763 65.20718113814436 
46 WILD3 102.482 96.3335 90.4363 84.7852 79.3747 84.28291101102535 79.20603967293455 74.33641411353094 69.67114741121803 65.20718113814442 
46 NOISY3 102.482 96.3335 90.4363 84.7852 79.3747 84.28291101102549 79.20603967293438 74.33641411353113 69.67114741121797 65.20718113814455 
47 SMOOTH 1024.82 963.335 904.363 847.852 793.747 84.28291101102546 79.20603967293394 74.33641411353126 69.67114741121796 65.20718113814478 
47 NONDIFF 1024.82 963.335 904.363 847.852 793.747 84.28291101102593 79.20603967293412 74.33641411353207 69.67114741122613 65.20718113814749 
47 WILD3 1024.82 963.335 904.363 847.852 793.747 84.28291101102654 79.20603967294005 74.33641411353169 69.67114741121922 65.20718113814657 
47 NOISY3 1024.82 963.335 904.363 847.852 793.747 84.2829110110247 79.20603967293606 74.33641411352765 69.67114741122057 65.20718113814956 
48 SMOOTH 102.483 96.3331 90.4352 84.7836 79.3726 74.197 69.2515 64.5307 84.43334219124355 79.3345493980552 74.4438701098391 69.75929457459897 65.27853535520053 60.99885810559194 56.916937953499556 53.0287613047506 
48 NONDIFF 102.483 96.3331 90.4352 84.7836 79.3726 74.197 69.2515 64.5307 84.4333416302863 79.33454943531062 74.44387079989104 69.7592934890178 65.27853586504165 60.99885947178586 56.91693780741407 53.02876360727717 
48 WILD3 102.483 96.3331 90.4352 84.7836 79.3726 74.197 69.2515 64.5307 84.43334229039517 79.3345491112208 74.44387014479292 69.75929457680067 65.27853536735347 60.99885806163717 56.9169377517168 53.02876133712148 
48 NOISY3 102.483 96.3331 90.4352 84.7836 79.3726 74.197 69.2515 64.5307 84.43334222344201 79.3345494036289 74.44387011110493 69.75929457971675 65.27853533932942 60.998858072359496 56.916937883326426 53.02876129134597 
49 SMOOTH 102.483 96.333 90.4349 84.7829 79.3716 74.1958 69.25 64.5291 60.0278 55.7408 84.53448147036659 79.4208074371094 74.51597242675409 69.8184104092642 65.32638877448373 61.03750215404484 56.94872088691881 53.05605029230413 49.354695649524714 45.838867377322636 
49 NONDIFF 102.483 96.333 90.4349 84.7829 79.3716 74.1958 69.25 64.5291 60.0278 55.7408 84.53392523614225 79.4215770816455 74.51613880178371 69.81724756792116 65.32673184640504 61.036813316227146 56.9487431547497 53.05550980437618 49.35455788257512 45.839684383043476 
49 WILD3 102.483 96.333 90.4349 84.7829 79.3716 74.1958 69.25 64.5291 60.0278 55.7408 84.53426980603909 79.42076866028484 74.51593606919704 69.81824902880275 65.32639912321356 61.037425361090854 56.94870667657201 53.05570617565327 49.35463669462458 45.83882703085573 
49 NOISY3 102.483 96.333 90.4349 84.7829 79.3716 74.1958 69.25 64.5291 60.0278 55.7408 84.53436625651449 79.42076683035303 74.51598339446373 69.81843400661151 65.32635444341919 61.03744484216854 56.94872208383991 53.05620819105299 49.35466848727806 45.838812506189214 
50 SMOOTH 102.483 96.3332 90.4347 84.7824 79.3709 74.1948 69.2489 64.5278 60.0263 55.7392 51.6612 47.7871 84.63598098141135 79.5077847081117 74.5888765220039 69.87780975911 65.37456772476992 61.07456793925824 56.98094440464594 53.08359377749532 49.37977429799636 45.863915668514586 42.52824653865104 39.36601529901973 
50 NONDIFF 102.483 96.3332 90.4347 84.7824 79.3709 74.1948 69.2489 64.5278 60.0263 55.7392 51.6612 47.7871 84.643177876151 79.52422432760831 74.59735962111156 69.86438991073949 65.37703032935998 61.0888285296687 56.97502545551829 53.13024379588418 49.37895500142717 45.86689463519603 42.522295716344715 39.367800573462056 
50 WILD3 102.483 96.3332 90.4347 84.7824 79.3709 74.1948 69.2489 64.5278 60.0263 55.7392 51.6612 47.7871 84.63526814259606 79.50749173693836 74.58544709633183 69.87586073191586 65.37303979552448 61.07506141820272 56.97982109651814 53.082511994411895 49.37962717061366 45.865599123720806 42.52377164952306 39.36618503052003 
50 NOISY3 102.483 96.3332 90.4347 84.7824 79.3709 74.1948 69.2489 64.5278 60.0263 55.7392 51.6612 47.7871 84.63288266739696 79.50716884706806 74.58857351944533 69.88316289165766 65.38038882381858 61.07712648492261 56.982746523317715 53.08258660588468 49.376393569984984 45.862177546330244 42.52698485312046 39.36692307578917 
51 SMOOTH 1024.83 963.332 904.347 847.824 793.709 741.948 692.489 645.278 600.263 557.392 516.612 477.871 84.58971661910363 80.27405912138998 74.37732956220752 69.75851470398261 65.12136382980755 61.20396440974556 56.31388732522 53.052206177647584 49.008580884912924 46.51795627492181 42.64492065023182 39.18089142146072 
51 NONDIFF 1024.83 963.332 904.347 847.824 793.709 741.948 692.489 645.278 600.263 557.392 516.612 477.871 78.89820696843938 79.92101518273054 74.20524247034892 69.69278709703833 64.90320372131731 61.439271715514764 56.665281699736305 53.34780972690474 49.00858088491267 45.18231731956255 42.97988743622464 40.019500291962125 
51 WILD3 1024.83 963.332 904.347 847.824 793.709 741.948 692.489 645.278 600.263 557.392 516.612 477.871 82.17732547275618 79.2013486923861 70.68064388524607 68.9399072356759 63.8235908767374 60.3307128527799 57.08988323561034 53.197734078820304 48.67437192048261 45.76371310013084 46.72641811868699 39.12700490769354 
51 NOISY3 1024.83 963.332 904.347 847.824 793.709 741.948 692.489 645.278 600.263 557.392 516.612 477.871 84.60777343906136 79.54760332453297 74.5271090680844 69.92283372134342 65.39406396542037 62.215785824553045 56.90320497414851 52.888487288828294 49.31846451332458 46.00137826718738 42.62489546193876 39.04617513704279 
52 SMOOTH -0.3 -0.39 0.3 -0.344 -1.2 2.69 1.59 -1.5 -0.29662029479413 -0.35819196089801 0.357067615129259 -0.369836865659725 -1.318403701231803 2.518927793658217 1.484381165605166 -1.434002890548889 
52 NONDIFF -0.3 -0.39 0.3 -0.344 -1.2 2.69 1.59 -1.5 -0.395426137087215 -0.26717545544017 0.249462733140971 -0.336665462427216 -1.134601399395869 2.634236217149854 1.577307427637531 -1.610557254973804 
52 WILD3 -0.3 -0.39 0.3 -0.344 -1.2 2.69 1.59 -1.5 -0.305054384943341 -0.361854973847823 0.328031848714108 -0.372455691988685 -1.300319911413385 2.502638433226307 1.552173083427248 -1.419294921682781 
52 NOISY3 -0.3 -0.39 0.3 -0.344 -1.2 2.69 1.59 -1.5 -0.238285037331578 -0.360305399443724 0.300868130670384 -0.360792853832326 -1.452587829921677 2.510950908475554 1.598203737728787 -1.42557122805815 
53 SMOOTH -3.0 -3.9 3.0 -3.44 -12.0 26.9 15.9 -15.0 -0.149307470687518 0.119837960861806 0.926559555308056 -0.06944070071746 -1.667341738189548 1.750815106246328 0.480129673271599 -4.59088020688528 
53 NONDIFF -3.0 -3.9 3.0 -3.44 -12.0 26.9 15.9 -15.0 8.291675904552596 -11.164818472099235 4.6755859663783 -3.708970764167454 -1.138482498789472 -0.825164186576881 0.821107992533086 0.796901750789011 
53 WILD3 -3.0 -3.9 3.0 -3.44 -12.0 26.9 15.9 -15.0 -2.906777914589662 -5.62411139563569 1.675417746414029 -1.33108717074149 3.596676369718593 -4.915882920467753 8.807249421602057 -5.275900690752957 
53 NOISY3 -3.0 -3.9 3.0 -3.44 -12.0 26.9 15.9 -15.0 -0.765052292334651 -5.564863581352674 -1.886080236640403 -0.136242438688065 0.776397545771231 -1.971687776321245 -1.220318849684097 -3.76725660852903 
