2 	 10 
3 	 10 
4 	 10 
5 	 10 
6 	 10 
7 	 10 
8 	 10 
9 	 10 
10 	 10 
12 	 5 
13 	 5 
14 	 5 
15 	 5 
16 	 5 
17 	 5 
18 	 5 
19 	 5 
20 	 5 
21 	 5 
22 	 5 
23 	 5 
24 	 5 
25 	 5 
26 	 5 
27 	 5 
28 	 5 
29 	 5 
31 	 2.500000e+00 
34 	 2.500000e+00 
35 	 2.500000e+00 
43 	 1.250000e+00 
47 	 1.250000e+00 
48 	 1.250000e+00 
49 	 1.250000e+00 
58 	 6.250000e-01 
59 	 6.250000e-01 
67 	 3.125000e-01 
74 	 1.562500e-01 
75 	 1.562500e-01 
76 	 1.562500e-01 
77 	 1.562500e-01 
79 	 1.562500e-01 
